Fp1 = 44100, Fp2 = 11025
L = 1, M = 4
order = 14, no_of_sos_segments = 7
wave_in_resample_LPF_b_44100_11025[0] = {0.000099125664512, 0.000140770547312, 0.000099125664512};
wave_in_resample_LPF_b_44100_11025[1] = {1.000000000000000, -0.280776492962296, 0.999999999999950};
wave_in_resample_LPF_b_44100_11025[2] = {1.000000000000000, -0.971005430485336, 0.999999999999950};
wave_in_resample_LPF_b_44100_11025[3] = {1.000000000000000, -1.229782885441397, 1.000000000015861};
wave_in_resample_LPF_b_44100_11025[4] = {1.000000000000000, -1.338822153651544, 0.999999999901354};
wave_in_resample_LPF_b_44100_11025[5] = {1.000000000000000, -1.387005271158216, 1.000000000207754};
wave_in_resample_LPF_b_44100_11025[6] = {1.000000000000000, -1.405713601986527, 0.999999999875128};
wave_in_resample_LPF_a_44100_11025[0] = {1.000000000000000, -1.590181606826709, 0.645554119458272};
wave_in_resample_LPF_a_44100_11025[1] = {1.000000000000000, -1.562175648329154, 0.714395891057837};
wave_in_resample_LPF_a_44100_11025[2] = {1.000000000000000, -1.524793150197438, 0.807049015181114};
wave_in_resample_LPF_a_44100_11025[3] = {1.000000000000000, -1.494211461218344, 0.884907909004362};
wave_in_resample_LPF_a_44100_11025[4] = {1.000000000000000, -1.475425521216318, 0.937396910843051};
wave_in_resample_LPF_a_44100_11025[5] = {1.000000000000000, -1.467507739857455, 0.969887384674360};
wave_in_resample_LPF_a_44100_11025[6] = {1.000000000000000, -1.469361897440557, 0.991110075667258};
