Fp1 = 48000, Fp2 = 8000
L = 1, M = 6
order = 14, no_of_sos_segments = 7
wave_in_resample_LPF_b_48000_8000[0] = {0.000037075587051, 0.000031612483140, 0.000037075587051};
wave_in_resample_LPF_b_48000_8000[1] = {1.000000000000000, -1.035458036136606, 0.999999999997436};
wave_in_resample_LPF_b_48000_8000[2] = {1.000000000000000, -1.490397236633875, 1.000000000444238};
wave_in_resample_LPF_b_48000_8000[3] = {1.000000000000000, -1.634618956181024, 0.999999990958120};
wave_in_resample_LPF_b_48000_8000[4] = {1.000000000000000, -1.691814564342149, 1.000000053632409};
wave_in_resample_LPF_b_48000_8000[5] = {1.000000000000000, -1.716457930699912, 0.999999883097654};
wave_in_resample_LPF_b_48000_8000[6] = {1.000000000000000, -1.725925265970699, 1.000000071870163};
wave_in_resample_LPF_a_48000_8000[0] = {1.000000000000000, -1.727399859535632, 0.752503618098228};
wave_in_resample_LPF_a_48000_8000[1] = {1.000000000000000, -1.731006622529089, 0.800160552234677};
wave_in_resample_LPF_a_48000_8000[2] = {1.000000000000000, -1.736029009652540, 0.864610653301110};
wave_in_resample_LPF_a_48000_8000[3] = {1.000000000000000, -1.740687570326034, 0.919075371187127};
wave_in_resample_LPF_a_48000_8000[4] = {1.000000000000000, -1.744791780297798, 0.955931407115454};
wave_in_resample_LPF_a_48000_8000[5] = {1.000000000000000, -1.749055502879430, 0.978764485763480};
wave_in_resample_LPF_a_48000_8000[6] = {1.000000000000000, -1.755489207410951, 0.993769400364597};
