Fp1 = 48000, Fp2 = 16000
L = 1, M = 3
order = 14, no_of_sos_segments = 7
wave_in_resample_LPF_b_48000_16000[0] = {0.000270359016673, 0.000454014560624, 0.000270359016673};
wave_in_resample_LPF_b_48000_16000[1] = {1.000000000000000, 0.378118587814007, 0.999999999999999};
wave_in_resample_LPF_b_48000_16000[2] = {1.000000000000000, -0.389897087384779, 0.999999999999985};
wave_in_resample_LPF_b_48000_16000[3] = {1.000000000000000, -0.732466431903134, 1.000000000000404};
wave_in_resample_LPF_b_48000_16000[4] = {1.000000000000000, -0.887663128853464, 0.999999999997725};
wave_in_resample_LPF_b_48000_16000[5] = {1.000000000000000, -0.958468134366894, 1.000000000004721};
wave_in_resample_LPF_b_48000_16000[6] = {1.000000000000000, -0.986341032994926, 0.999999999997166};
wave_in_resample_LPF_a_48000_16000[0] = {1.000000000000000, -1.444101037223819, 0.543553695232148};
wave_in_resample_LPF_a_48000_16000[1] = {1.000000000000000, -1.364267325477643, 0.635337401314125};
wave_in_resample_LPF_a_48000_16000[2] = {1.000000000000000, -1.259438933041104, 0.756412526627468};
wave_in_resample_LPF_a_48000_16000[3] = {1.000000000000000, -1.174462952356910, 0.856040932060647};
wave_in_resample_LPF_a_48000_16000[4] = {1.000000000000000, -1.120887990164110, 0.922147561449133};
wave_in_resample_LPF_a_48000_16000[5] = {1.000000000000000, -1.093741766483955, 0.962656964405551};
wave_in_resample_LPF_a_48000_16000[6] = {1.000000000000000, -1.086875903176183, 0.988979184855336};
