Fp1 = 44100, Fp2 = 22050
L = 1, M = 2
order = 14
b = {0.001954280073792, 0.008295307643470, 0.025769755314292, 0.057093766256452, 0.103304167976987, 0.153876281259963, 0.194746765340801, 0.210155631373053, 0.194746765340804, 0.153876281259966, 0.103304167976991, 0.057093766256454, 0.025769755314294, 0.008295307643470, 0.001954280073793};
a = {1.000000000000000, -3.515814948457480, 10.095022301232285, -19.700221042642255, 32.229925348625088, -42.486634366155101, 47.774871025949452, -45.150994773875439, 36.401306246284967, -24.686000388792596, 13.973256800269052, -6.418559111646858, 2.296765190666479, -0.583594257086342, 0.085964281254126};
